%YAML:1.0
---
R: !!opencv-matrix
   rows: 3
   cols: 3
   dt: d
   data: [ 9.9889102040030797e-01, 4.6398012651898107e-02,
       7.9971110774979693e-03, -4.5790573197354981e-02,
       9.9688406859273881e-01, -6.4229099263848580e-02,
       -1.0952295188188339e-02, 6.3791678202896815e-02,
       9.9790313609196002e-01 ]
T: !!opencv-matrix
   rows: 3
   cols: 1
   dt: d
   data: [ -8.2354460110313461e+00, 3.4058227126969952e-02,
       2.1725825660898759e-01 ]
R1: !!opencv-matrix
   rows: 3
   cols: 3
   dt: d
   data: [ 9.9901321003084764e-01, 4.0577988473521925e-02,
       -1.8056384890233101e-02, -4.1140581855194452e-02,
       9.9864205345744350e-01, -3.1960938517455649e-02,
       1.6734954690036059e-02, 3.2672249964507454e-02,
       9.9932600555263207e-01 ]
R2: !!opencv-matrix
   rows: 3
   cols: 3
   dt: d
   data: [ 9.9964366386805836e-01, -4.1340919367875229e-03,
       -2.6371472698780804e-02, 4.9844536663734796e-03,
       9.9946702643588914e-01, 3.2261715531718305e-02,
       2.6224044502939053e-02, -3.2381666900577033e-02,
       9.9913148641139726e-01 ]
P1: !!opencv-matrix
   rows: 3
   cols: 4
   dt: d
   data: [ 5.2884043946200620e+02, 0., 3.3518889999389648e+02, 0., 0.,
       5.2884043946200620e+02, 2.4078346252441406e+02, 0., 0., 0., 1.,
       0. ]
P2: !!opencv-matrix
   rows: 3
   cols: 4
   dt: d
   data: [ 5.2884043946200620e+02, 0., 3.3518889999389648e+02,
       -4.3567893691109157e+03, 0., 5.2884043946200620e+02,
       2.4078346252441406e+02, 0., 0., 0., 1., 0. ]
Q: !!opencv-matrix
   rows: 4
   cols: 4
   dt: d
   data: [ 1., 0., 0., -3.3518889999389648e+02, 0., 1., 0.,
       -2.4078346252441406e+02, 0., 0., 0., 5.2884043946200620e+02, 0.,
       0., 1.2138306322803161e-01, 0. ]
