%YAML:1.0
---
M1: !!opencv-matrix
   rows: 3
   cols: 3
   dt: d
   data: [ 6.0135102355359140e+02, 0., 3.1664951605339456e+02, 0.,
       5.9495855204064355e+02, 2.4129253147219404e+02, 0., 0., 1. ]
D1: !!opencv-matrix
   rows: 1
   cols: 14
   dt: d
   data: [ 1.5682477823197449e-01, -8.5983107475933940e-01, 0., 0., 0.,
       0., 0., -1.2912811583621158e+00, 0., 0., 0., 0., 0., 0. ]
M2: !!opencv-matrix
   rows: 3
   cols: 3
   dt: d
   data: [ 6.0135102355359140e+02, 0., 3.1972769586154158e+02, 0.,
       5.9495855204064355e+02, 2.4045941213320290e+02, 0., 0., 1. ]
D2: !!opencv-matrix
   rows: 1
   cols: 14
   dt: d
   data: [ 1.7060863749284619e-01, -9.8968644886744983e-01, 0., 0., 0.,
       0., 0., -1.6545632466165052e+00, 0., 0., 0., 0., 0., 0. ]
